### This is the Spot Saving File ###
3779.63:
    position: 
  x: -0.00125674966965
  y: 0.0028401624341
  z: 0.0
orientation: 
  x: 0.0
  y: 0.0
  z: -5.68130062464e-05
  w: 0.999999998386

